,ViolentCrimesPerPop
743,0.12
1800,0.07
1715,0.08
1099,0.28
308,0.04
159,0.06
406,0.2
1527,0.28
1966,0.3
926,0.23
1248,0.03
1111,0.05
1353,0.82
1648,0.05
1405,0.02
797,0.08
1037,0.4
48,0.11
1655,0.42
103,0.28
223,0.05
1860,0.27
430,0.03
1949,0.23
1738,0.17
1864,0.02
961,0.51
982,0.21
613,0.1
1514,0.37
1414,0.1
791,0.47
790,0.18
180,0.12
1009,0.05
1735,0.06
393,0.58
1890,0.05
1125,0.71
1853,0.05
1814,0.09
363,0.1
300,0.11
567,0.41
374,0.51
499,1.0
212,0.66
1352,0.11
170,0.23
18,0.15
1094,0.18
1641,0.28
458,0.07
1696,0.13
1988,0.19
1393,0.29
498,0.14
768,0.1
1803,0.27
177,0.83
1053,0.45
1335,0.05
321,0.09
1604,0.02
1967,0.04
1850,0.13
1651,0.23
825,0.02
741,0.23
1312,0.7
1134,1.0
1139,0.06
139,0.02
1911,0.05
306,0.23
175,0.17
772,0.36
1821,0.38
493,0.05
1327,0.11
1619,0.27
102,0.34
135,0.06
1631,0.04
176,0.07
744,0.01
1162,0.29
1,0.67
585,0.09
1301,0.4
1370,0.35
955,1.0
1499,0.12
376,0.02
1663,0.75
1238,0.04
13,0.09
1133,0.05
1794,0.06
21,0.69
1981,0.07
1269,0.31
1476,0.12
1892,0.15
857,0.6
1943,0.16
232,0.2
755,0.16
1643,0.03
1128,0.2
1161,0.16
1015,0.23
668,0.36
1873,0.04
125,0.17
236,0.27
158,0.48
901,0.02
1792,0.6
541,0.13
1121,0.08
211,0.01
123,0.09
1297,0.02
343,0.04
1472,0.29
1699,0.33
1761,0.02
1704,0.04
1831,0.81
1721,1.0
1707,0.38
1467,0.33
574,0.08
667,1.0
1216,0.2
1376,0.57
569,0.33
468,0.15
1991,0.23
124,0.17
1189,0.19
1918,0.29
875,0.06
1501,0.25
1870,0.34
371,0.18
1885,0.08
997,0.07
365,0.45
444,0.72
1706,0.05
534,0.06
1895,0.19
614,0.4
1252,0.06
246,0.7
456,0.11
1954,0.48
1930,0.02
1268,0.02
979,0.07
1375,0.13
666,0.22
594,0.03
1264,0.04
1415,0.07
58,0.55
1539,0.34
635,0.09
403,0.21
1525,0.05
5,0.14
813,0.1
1225,0.18
1395,0.06
222,0.36
960,0.26
1807,0.13
1031,0.08
1254,0.12
608,0.59
1623,0.5
1210,0.09
106,0.24
282,0.06
1394,0.07
1597,0.46
1674,0.11
888,0.08
193,0.07
899,0.26
510,0.14
186,0.12
1661,0.59
1519,0.03
1212,0.02
1468,0.04
198,0.26
917,0.53
530,0.04
848,0.05
862,0.26
669,0.81
396,0.39
607,0.11
1919,0.27
1493,0.03
1899,0.08
336,0.07
1455,0.11
292,0.03
1247,0.11
891,0.03
703,0.01
1775,0.83
1781,0.08
1261,0.41
1200,0.82
1905,0.14
485,0.25
1843,0.44
467,0.12
677,0.12
1942,0.12
486,0.1
738,0.28
1403,0.1
1377,0.07
549,0.28
583,0.13
1881,0.06
466,0.28
1218,0.07
1482,0.11
1541,0.21
184,0.19
449,0.05
1456,0.32
335,0.03
1798,0.14
1769,0.14
1182,0.69
295,0.12
1556,0.37
894,0.11
1932,0.04
470,0.22
1764,0.22
1256,0.26
1513,0.21
1165,0.38
443,0.05
1342,0.02
346,0.58
1110,0.03
852,0.05
214,0.27
1195,0.31
763,0.19
1811,0.53
552,0.52
1563,1.0
72,0.05
1587,0.1
397,0.09
1535,0.05
1901,0.16
1333,0.34
845,0.5
1258,0.21
1984,0.14
1492,0.3
1029,0.43
1443,0.14
584,0.09
1281,0.09
1755,0.06
1398,0.14
1221,0.06
769,0.24
1615,0.06
151,0.86
1179,0.03
140,0.08
191,0.21
1750,0.17
910,0.04
1793,0.02
1039,0.57
529,0.0
1148,0.06
388,0.5
1126,0.17
897,0.22
1072,0.1
940,0.2
1502,0.76
288,0.59
1555,0.32
1265,0.34
1449,0.12
339,0.04
1600,0.04
776,1.0
173,0.2
1168,0.11
1777,0.47
504,0.21
1562,0.1
841,1.0
658,0.16
962,0.01
1566,0.27
657,0.07
676,0.81
858,0.97
1242,0.01
571,0.14
1837,0.12
1787,0.25
1836,0.86
784,0.06
1546,0.05
323,0.27
1855,0.09
111,0.05
1571,0.07
1115,0.12
228,0.63
761,0.21
1789,0.53
1564,0.24
479,0.24
287,0.01
1825,0.18
506,0.13
174,0.73
1754,0.6
712,0.08
1719,0.23
353,0.1
1976,0.08
1879,0.2
1642,0.02
1209,0.15
1701,0.1
1038,0.16
1310,0.42
182,0.3
1714,0.11
1610,0.91
330,0.07
868,0.17
1491,0.2
1143,0.07
1627,0.02
1551,0.19
312,0.2
1876,0.18
1185,0.31
293,0.28
334,0.48
305,0.45
113,0.2
1420,0.59
525,0.66
953,0.73
87,0.1
568,0.33
378,0.26
1691,0.29
590,0.41
1927,0.08
369,0.07
1536,0.53
1752,0.19
1875,0.37
422,0.06
1869,0.19
1732,0.24
1124,0.03
1428,0.51
715,0.18
1526,0.26
351,0.08
1011,0.39
156,0.03
122,0.03
1219,0.06
1759,1.0
1534,0.25
1008,0.49
42,0.8
969,0.3
132,0.13
1372,0.36
1196,0.65
1883,0.11
1833,0.02
706,0.42
1584,0.26
543,0.05
672,0.04
1568,0.06
51,0.68
29,0.02
1152,0.12
753,0.1
1464,0.03
451,0.05
1589,0.11
1633,0.8
1344,0.07
60,0.03
28,0.49
337,0.05
1713,0.02
1217,0.25
92,0.03
1972,0.3
678,1.0
215,0.49
633,0.32
1668,0.07
254,0.04
108,0.26
615,0.82
409,0.25
33,0.31
782,0.1
638,0.15
341,0.1
357,0.04
689,0.14
751,0.1
1463,0.02
188,0.06
929,0.26
24,0.31
1113,0.13
349,0.09
719,0.09
640,0.24
1439,0.05
1050,0.13
1504,0.14
428,0.71
1820,0.23
1596,0.14
231,0.06
270,0.11
500,0.1
194,0.02
850,0.06
1573,0.31
148,0.63
1675,0.18
464,0.33
1320,0.3
1427,0.15
30,0.16
718,0.2
1379,0.31
171,0.08
313,0.51
1032,0.04
496,0.17
207,0.19
40,0.11
1040,0.2
518,0.11
1329,0.28
1898,0.01
908,0.07
86,0.08
1340,0.09
1239,0.18
459,0.02
266,0.35
1737,0.19
1361,0.12
345,0.18
8,0.53
814,0.12
1819,0.24
1426,0.11
436,0.06
66,0.61
1736,0.08
405,0.32
625,0.08
255,0.93
742,0.59
1834,0.15
1294,0.15
609,0.01
1357,0.27
219,0.06
218,0.16
1253,0.39
1044,1.0
196,0.01
253,0.09
650,0.15
1729,0.31
535,0.2
881,0.06
539,0.91
1348,0.03
1070,0.15
1324,0.22
720,0.16
1813,0.49
701,0.1
1582,0.66
1664,0.43
1423,0.06
1075,0.09
1471,0.01
1237,0.46
732,0.66
1756,0.27
1726,0.32
792,0.03
1743,0.11
1117,0.17
302,0.35
1606,0.1
695,0.72
1817,0.5
773,0.0
1933,0.03
202,0.29
147,0.05
966,0.52
1175,0.22
1830,0.07
644,0.05
250,0.74
249,0.03
1753,0.6
733,0.2
1585,0.07
454,0.64
325,0.34
626,0.1
281,0.12
205,0.16
362,1.0
1232,0.37
274,0.13
82,1.0
190,0.1
291,0.09
819,0.15
1767,0.67
94,0.4
965,0.16
1316,0.12
711,0.62
651,0.15
434,0.04
1683,0.37
284,0.19
1089,0.02
1634,0.03
1611,0.04
595,0.11
408,0.53
1545,0.19
1637,0.09
1163,0.02
691,0.54
1007,0.04
96,0.45
258,0.03
1832,0.04
1074,0.17
560,0.85
1308,0.11
855,0.62
1374,0.12
674,0.24
1578,0.03
1026,0.28
1797,0.16
1849,0.55
46,0.2
1790,0.52
1422,0.03
557,0.36
1243,0.03
1773,0.75
1971,0.22
1014,0.25
643,0.06
686,0.18
705,0.29
1788,0.39
384,0.54
859,0.28
1576,0.14
1319,0.09
968,0.24
1680,0.14
600,0.87
1710,0.28
747,0.17
1362,0.26
3,0.12
1894,0.03
508,0.24
1203,0.03
1816,0.01
1742,0.15
576,0.04
375,0.83
380,0.49
1635,0.11
446,0.62
1098,0.19
946,0.2
786,0.41
565,0.04
435,0.1
1717,0.19
1167,0.07
1085,0.33
1488,0.09
1368,0.06
1285,0.59
912,0.13
1624,0.32
1410,0.26
798,0.05
411,0.2
1858,0.14
1886,0.29
1709,0.22
588,0.12
867,0.76
1806,0.15
1620,0.11
1772,0.09
707,0.18
616,0.09
490,0.01
1872,0.53
4,0.03
1381,0.02
1625,0.43
1946,0.2
442,0.04
1432,0.58
1990,0.45
1129,0.38
1636,0.9
1392,0.86
1453,0.13
1444,0.54
1532,0.49
1955,0.03
721,0.06
1078,0.17
1166,0.31
381,0.03
1917,0.2
482,0.69
993,0.05
515,0.03
559,0.07
952,0.74
162,0.17
1112,0.05
350,0.06
1497,0.12
1262,0.84
1980,0.28
683,0.23
385,0.31
83,0.0
853,0.01
1702,0.09
601,0.39
1783,0.53
373,0.04
849,0.04
91,0.05
1272,0.12
716,0.28
673,0.61
570,0.19
1647,0.33
1276,0.03
195,0.03
1739,0.13
383,0.15
447,1.0
1958,0.34
453,0.07
988,0.02
1543,0.35
563,0.25
410,1.0
1146,0.66
662,0.35
1326,0.83
890,0.2
221,0.31
1799,0.19
1227,0.22
404,0.68
44,0.17
77,0.68
923,0.15
911,0.04
1065,0.17
586,0.56
978,0.38
1309,0.13
367,0.14
1601,0.54
1964,0.6
1228,0.03
1298,0.07
856,0.2
241,0.12
1173,0.02
1658,0.05
1829,0.07
187,0.01
244,0.18
621,0.06
1728,0.33
664,0.09
1346,0.03
360,0.41
754,0.11
1567,0.5
1928,0.17
319,0.18
971,0.09
1122,0.09
414,0.1
682,0.53
734,0.1
1725,0.04
1968,0.19
879,0.14
1016,0.01
652,0.04
461,0.04
389,0.03
235,0.11
167,0.15
1049,0.02
1888,0.09
697,0.09
1529,0.12
0,0.2
285,0.14
801,0.27
1747,0.5
1694,0.02
1838,0.57
1205,0.05
936,0.16
1369,0.14
1356,0.02
1693,0.13
787,0.04
1945,0.15
627,0.01
328,0.17
1670,0.48
872,0.13
1695,0.32
1181,0.19
1523,0.29
1652,0.06
1033,0.07
1067,0.31
1768,0.08
377,0.08
906,0.46
265,0.14
50,0.2
1978,0.04
1852,0.29
105,0.44
1987,0.04
628,0.1
533,0.2
1240,0.4
1028,0.24
1607,0.69
1017,0.12
1679,0.01
606,0.13
1106,0.05
1673,0.16
386,0.39
1400,0.04
1882,0.08
74,0.14
794,0.13
427,0.76
1937,0.06
645,0.26
1287,0.53
220,0.04
1295,1.0
1100,0.03
1653,0.07
1321,0.39
893,0.02
88,0.27
26,0.84
1091,0.37
1118,0.17
1921,0.16
1345,0.11
1741,0.06
419,0.1
314,0.18
1844,0.06
165,0.25
1957,1.0
1304,0.2
1877,0.15
927,0.1
1338,0.3
1365,0.06
1190,0.03
1678,0.39
1278,0.14
612,0.24
1299,0.21
1388,0.12
1969,0.75
553,0.21
1640,0.79
1438,0.23
1686,0.65
1211,0.76
1862,0.26
1588,0.04
558,0.36
1505,0.23
286,0.51
860,0.13
688,0.5
1233,0.15
944,0.16
1198,0.02
217,0.04
838,0.02
12,0.06
1425,0.08
1826,0.02
659,0.41
1763,0.16
1311,0.06
1857,0.15
1349,0.11
1613,0.15
630,0.89
828,1.0
278,0.05
1740,0.01
789,0.04
216,0.08
1698,0.59
822,0.02
1267,0.05
540,0.15
1697,0.04
1086,0.09
604,0.59
921,0.03
1553,0.11
128,0.62
1416,0.15
70,0.04
1045,0.06
1815,0.64
1711,0.28
1234,0.04
1671,0.22
1292,0.9
1206,0.12
1151,0.59
1257,0.55
120,0.22
424,0.03
204,0.05
1104,0.16
354,0.03
480,0.4
420,1.0
1518,0.34
509,0.04
1757,0.09
1889,0.1
542,0.03
1522,0.04
692,0.61
320,0.48
1922,0.32
579,0.14
1192,0.54
495,0.22
1358,0.15
310,0.16
1260,0.1
554,0.04
1157,0.38
996,0.08
1667,0.03
271,0.24
1676,0.28
1935,0.04
555,0.55
1263,0.18
20,0.34
391,0.04
1924,0.13
1441,0.48
1087,0.11
1952,0.11
1105,0.09
1389,0.39
1172,0.22
760,0.19
1187,0.45
990,0.12
999,0.04
311,0.12
1961,0.02
14,0.21
1689,0.34
213,0.05
368,0.09
631,0.85
922,0.28
1402,0.36
805,0.12
35,0.24
238,0.37
392,0.22
1188,0.2
1273,1.0
19,0.03
984,0.1
1766,0.01
1985,0.14
115,0.04
1577,0.14
1748,0.13
257,0.06
1180,0.69
1058,0.3
1448,0.04
1186,0.08
1451,0.6
1818,0.02
1662,0.33
1731,0.08
728,0.01
263,0.01
127,0.14
1720,0.11
847,0.34
1051,0.45
497,0.15
812,0.13
104,0.08
622,0.1
1572,0.11
1336,0.12
861,0.07
37,0.22
1944,0.16
1481,0.67
1517,0.14
80,0.3
1442,0.06
1550,0.03
1727,0.42
477,0.37
1322,0.05
1150,0.08
1938,0.2
883,0.48
1293,0.05
1506,0.55
1538,0.36
1926,0.09
331,0.35
1617,0.31
359,0.07
935,0.07
1259,0.12
834,0.11
1900,0.5
550,0.01
920,0.45
502,0.12
145,0.53
730,0.06
503,0.04
779,0.41
1936,0.04
985,0.05
1657,0.05
1119,1.0
877,0.28
101,0.02
25,0.12
17,0.07
1612,0.81
1480,0.37
836,0.79
1723,0.11
1929,0.17
304,0.06
327,0.17
1246,0.27
1314,0.15
522,0.46
1035,0.04
756,0.05
840,0.23
1654,0.08
885,0.19
907,0.04
1646,0.08
972,0.22
1052,0.44
762,0.16
1337,0.04
702,0.07
582,0.27
623,0.04
264,0.05
208,0.03
941,0.14
438,0.16
970,0.69
757,0.24
1056,1.0
507,0.13
1974,0.52
1580,0.45
226,0.74
144,0.17
225,0.1
1548,0.08
23,0.63
1547,0.2
1934,0.14
824,0.02
1021,0.2
532,0.41
505,0.7
280,0.03
764,0.04
242,0.32
131,0.15
1626,0.3
1621,0.09
445,0.06
1594,0.24
989,0.08
572,0.07
846,0.4
1745,0.01
1690,0.39
1591,0.13
141,0.09
1909,0.26
1412,0.08
1160,0.3
1692,0.2
512,0.17
1090,0.25
526,0.25
1116,0.47
355,0.28
1812,0.09
821,0.3
737,0.04
661,0.03
1048,0.05
185,0.36
1975,0.09
230,0.04
1649,0.25
1303,0.31
1863,0.07
1019,0.04
1406,0.01
301,0.03
1387,0.04
1191,0.15
998,1.0
1483,0.03
1846,0.08
1250,0.47
99,0.09
1244,0.52
851,0.04
1765,0.08
1339,0.06
564,1.0
169,0.45
1801,0.72
581,0.16
1202,0.14
796,0.02
352,0.08
1004,0.48
1418,0.13
537,0.18
670,0.27
76,0.12
800,0.02
1404,0.27
833,0.03
829,0.35
324,0.3
1450,0.44
333,1.0
275,0.36
871,0.36
904,0.09
85,0.06
1454,0.15
1878,0.88
474,0.34
1554,0.78
38,0.13
370,0.6
1241,0.06
1579,0.14
1498,0.06
775,0.3
1963,0.45
597,0.24
484,0.02
1446,0.25
1220,0.19
390,0.08
1496,0.11
57,0.22
1931,0.12
1614,0.07
372,0.03
1669,0.25
1730,0.15
1561,0.08
100,0.39
1300,0.21
1925,0.29
1367,0.19
1672,0.04
981,0.09
107,0.09
1684,1.0
307,0.32
1515,0.05
1341,0.42
234,0.12
1408,0.03
489,0.04
1391,0.1
1023,0.03
423,0.66
1508,0.61
842,0.33
277,0.08
240,0.04
78,0.7
690,0.06
958,0.21
299,0.36
262,0.67
663,0.63
1510,0.14
318,0.04
1354,0.14
1096,0.44
1960,0.02
536,0.05
65,0.14
1923,0.11
1751,0.35
708,0.36
950,0.27
1645,0.07
1687,0.02
1156,0.29
1437,0.1
1396,0.2
729,0.21
1142,0.51
1164,0.19
699,0.54
1848,0.14
1835,0.65
1411,0.15
1130,0.09
874,0.35
119,0.68
817,0.06
928,0.22
1434,0.05
1063,0.09
61,0.07
709,0.1
1839,0.16
160,0.07
227,0.19
987,0.08
178,0.1
1013,0.02
49,0.12
898,0.5
1887,0.36
126,0.17
521,0.17
748,0.07
1583,0.07
1716,0.12
1609,0.06
905,0.09
1822,0.23
1201,0.02
1570,0.53
1897,0.15
843,0.58
1064,0.26
795,0.25
1034,0.05
1001,1.0
1378,0.59
806,0.1
1685,0.09
1082,0.05
1409,0.11
815,0.06
31,0.19
387,0.43
1906,0.05
492,0.1
1323,0.03
1199,0.06
1774,0.15
229,0.42
1380,0.34
203,0.68
1306,0.54
887,0.02
1722,0.04
168,0.46
704,0.16
1140,0.21
1466,0.25
1155,0.03
933,0.1
995,0.36
896,0.24
934,0.03
154,0.87
1760,0.12
1616,0.02
1350,0.52
916,0.09
1382,0.47
1824,0.05
136,0.09
1507,0.37
15,0.3
322,0.07
1229,0.33
1983,0.56
1360,0.47
523,0.24
781,0.7
1939,0.08
1982,0.03
142,0.3
401,0.4
1159,1.0
9,0.15
1084,0.07
465,0.09
364,0.06
1279,0.52
722,0.23
882,0.06
1226,0.11
1036,0.02
774,0.24
1734,0.07
531,0.15
116,0.86
432,0.06
1903,0.22
1457,0.38
1042,0.02
1782,0.04
1213,0.06
1891,0.23
283,0.32
303,0.25
693,0.35
634,0.03
133,0.27
589,0.12
1494,0.23
1912,0.17
1424,0.1
1097,0.09
1503,0.15
276,0.34
947,0.65
161,0.03
1435,0.21
641,0.94
726,0.9
629,0.17
1176,0.13
1916,0.63
1785,0.06
717,0.09
199,0.42
1581,0.12
121,0.05
399,0.8
297,0.02
7,0.55
1630,0.02
1914,0.54
758,0.33
696,0.04
114,0.51
268,0.05
725,0.02
1103,0.19
1399,0.12
1644,0.15
724,0.15
166,0.05
1183,0.41
1289,0.19
112,0.06
163,0.11
892,0.03
1989,0.09
642,0.65
1224,0.14
1459,0.37
153,0.26
1460,0.08
752,0.11
248,1.0
956,0.03
441,0.35
1145,0.39
1020,0.14
1071,0.21
1590,0.29
1712,0.18
519,0.0
1552,0.03
528,0.56
932,0.11
84,0.03
418,0.22
1277,0.12
1214,0.03
150,0.21
1495,0.12
1060,0.27
647,0.03
863,0.07
1681,0.12
463,0.37
1884,0.38
785,0.12
478,0.06
767,0.23
632,0.14
1880,0.22
1343,0.1
746,0.02
1302,0.04
1230,0.0
1024,0.11
10,0.24
942,0.15
1528,0.22
820,0.03
1470,0.13
639,0.18
294,0.1
793,0.21
1390,0.18
826,0.07
566,0.36
1030,0.2
811,0.24
1910,0.67
914,0.04
698,0.51
1478,0.06
1558,0.19
739,0.13
1127,0.02
417,0.13
1107,0.11
823,0.05
1043,0.08
919,0.1
1666,0.09
1595,0.87
943,0.04
93,0.12
827,0.26
714,0.23
700,0.45
1305,0.05
895,0.08
1851,0.22
1401,0.12
425,0.16
1810,0.62
379,0.23
1965,0.69
1795,0.09
948,0.17
52,0.23
1805,0.45
959,0.25
1465,0.36
1088,0.1
1010,0.02
1430,0.06
1509,0.37
1057,0.32
976,0.77
1474,0.03
1703,0.52
200,0.18
289,0.09
1436,0.65
1809,0.06
854,0.31
437,0.04
1867,0.03
290,0.1
624,0.23
251,0.63
556,0.01
974,0.17
1827,0.09
143,0.05
1705,0.05
723,0.82
1537,0.32
1123,0.1
366,0.32
1979,0.16
1592,0.11
89,0.15
1956,0.3
963,0.03
56,0.22
759,0.19
1560,0.29
837,0.13
653,0.03
429,0.42
172,0.08
587,0.52
1231,0.01
247,0.22
1913,0.29
400,1.0
818,0.22
1184,0.08
865,0.04
439,0.24
973,0.65
866,0.85
783,0.61
209,0.15
832,0.02
803,0.5
808,0.21
1363,0.02
671,0.07
69,0.05
1073,0.51
1419,0.12
679,0.05
655,0.09
1659,0.03
876,0.28
930,0.03
1076,0.03
799,0.05
949,0.14
472,0.78
562,0.12
1386,0.15
1158,0.06
1940,0.56
416,0.01
1557,0.33
252,0.05
870,0.54
1135,0.21
1986,0.02
1002,0.2
777,0.43
1865,0.95
1489,0.01
53,0.05
1638,0.17
619,0.13
745,0.23
1461,0.04
1896,0.04
648,0.41
1208,1.0
1758,0.22
1841,0.16
1445,0.21
766,0.34
27,0.1
1823,0.41
637,0.54
245,0.25
839,0.01
1000,0.06
1950,0.18
1270,0.97
1915,0.1
1223,0.19
98,0.09
356,0.06
233,0.88
1804,0.03
596,0.15
1953,0.04
1083,0.24
189,0.1
407,0.62
1559,0.11
1904,0.08
1845,0.16
1077,0.15
1639,0.07
750,0.12
545,0.86
605,0.24
994,0.03
1447,0.09
179,0.25
980,0.19
1373,0.39
340,0.08
1215,0.06
1778,0.48
1718,0.21
129,0.03
149,1.0
873,0.18
573,0.15
1575,0.18
924,0.39
1397,0.6
272,0.35
267,0.17
347,0.08
611,0.13
902,0.55
577,0.04
1531,0.01
332,0.04
1315,0.15
